0
urlLink
Body
Mind
Spirit
DIRECTORY
Gainesville
Florida
USA
Wellness
Holistic
Health
Healing
Alachua
Silver
Springs
Ocala
Melrose
Newberry
