0
I
guess
working
My
frequent
users
get
personalized
message
This
sentence
false
used
reside
If
want
personal
message
urlLink
email
If
need
anything
web
based
urlLink
email
If
need
anything
computer
related
urlLink
email
Being
whore
looking
work
Oh
yeah
need
website
website
design
urlLink
email
I
steal
designs
grin
