0
urlLink
Reasons
Why
I
Do
Not
Own
TV
