0
The
I
use
convinces
Netscape
sux
period
